000 00700 00000000 00000000 00000000 00000000 00000000 00000000 00000000 00000000 00000000 00000000 00000000 00000000 00000000 00000000 00000000 00000000
001 00A10 00000000 00000100 00000000 00000000 00000000 00000000 00000000 00000000 00000000 00000000 00000000 00000000 00000000 00000000 00000000 00000000
003 1170A 00000000 00000000 00000000 00000000 00000000 00000000 00000000 00000000 00000000 00000000 00000100 00000000 00000000 00000000 00000000 00000000
004 00801 00000000 00000001 00000000 00000000 00000000 00000000 00000000 00000000 00000000 00000000 00000100 00000000 00000000 00000000 00000000 00000000
006 00AA1 00000000 00000001 00000000 00000000 00000000 00000000 00000000 00000000 00000001 00000000 00000100 00000000 00000000 00000000 00000000 00000000
008 1180A 00000000 00000000 00000000 00000000 00000000 00000000 00000000 00000000 00000001 00000000 00000101 00000000 00000000 00000000 00000000 00000000
009 00AA1 00000000 00000001 00000000 00000000 00000000 00000000 00000000 00000000 00000001 00000000 00000101 00000000 00000000 00000000 00000000 00000000
00B 00B10 00000000 0007FFFF 00000000 00000000 00000000 00000000 00000000 00000000 00000001 00000000 00000102 00000000 00000000 00000000 00000000 00000000
00D 00C78 00000000 00000000 00000000 00000000 00000000 00000000 00000000 00000000 00000001 00000000 00000102 0007FFFF 00000000 00000000 00000000 00000000
00E 00780 00000000 00000000 00000000 00000000 00000000 00000000 00000000 00000000 00000001 00000000 00000102 0007FFFF 00000001 00000000 00000000 00000000
00F 008C0 00000000 00000000 00000000 00000000 00000000 00000000 00000000 00000001 00000001 00000000 00000102 0007FFFF 00000001 00000000 00000000 00000000
010 0C1CB 00000000 00000018 00000000 00000000 00000000 00000000 00000000 00000001 00000001 00000000 00000102 0007FFFF 00000001 00000000 00000000 00000000
012 11C0A 00000000 00000000 00000000 00000000 00000000 00000000 00000000 00000001 00000001 00000000 00000102 0007FFFF 00000001 00000000 00000000 00000000
013 00AA1 00000000 00000001 00000000 00000000 00000000 00000000 00000000 00000001 00000001 00000000 00000102 0007FFFF 00000001 00000000 00000000 00000000
015 09100 00000000 0000000E 00000000 00000000 00000000 00000000 00000000 00000001 00000001 00000000 00000103 0007FFFF 00000001 00000000 00000000 00000000
00D 00C78 00000000 00000000 00000000 00000000 00000000 00000000 00000000 00000001 00000001 00000000 00000103 0007FFFF 00000001 00000000 00000000 00000000
00E 00780 00000000 00000000 00000000 00000000 00000000 00000000 00000000 00000001 00000001 00000000 00000103 0007FFFF 00000002 00000000 00000000 00000000
00F 008C0 00000000 00000000 00000000 00000000 00000000 00000000 00000000 00000001 00000001 00000000 00000103 0007FFFF 00000002 00000000 00000000 00000000
010 0C1CB 00000000 00000018 00000000 00000000 00000000 00000000 00000000 00000001 00000002 00000000 00000103 0007FFFF 00000002 00000000 00000000 00000000
012 11C0A 00000000 00000000 00000000 00000000 00000000 00000000 00000000 00000001 00000002 00000000 00000103 0007FFFF 00000002 00000000 00000000 00000000
013 00AA1 00000000 00000001 00000000 00000000 00000000 00000000 00000000 00000001 00000002 00000000 00000103 0007FFFF 00000002 00000000 00000000 00000000
015 09100 00000000 0000000E 00000000 00000000 00000000 00000000 00000000 00000001 00000002 00000000 00000104 0007FFFF 00000002 00000000 00000000 00000000
00D 00C78 00000000 00000000 00000000 00000000 00000000 00000000 00000000 00000001 00000002 00000000 00000104 0007FFFF 00000002 00000000 00000000 00000000
00E 00780 00000000 00000000 00000000 00000000 00000000 00000000 00000000 00000001 00000002 00000000 00000104 0007FFFF 00000003 00000000 00000000 00000000
00F 008C0 00000000 00000000 00000000 00000000 00000000 00000000 00000000 00000002 00000002 00000000 00000104 0007FFFF 00000003 00000000 00000000 00000000
010 0C1CB 00000000 00000018 00000000 00000000 00000000 00000000 00000000 00000002 00000003 00000000 00000104 0007FFFF 00000003 00000000 00000000 00000000
012 11C0A 00000000 00000000 00000000 00000000 00000000 00000000 00000000 00000002 00000003 00000000 00000104 0007FFFF 00000003 00000000 00000000 00000000
013 00AA1 00000000 00000001 00000000 00000000 00000000 00000000 00000000 00000002 00000003 00000000 00000104 0007FFFF 00000003 00000000 00000000 00000000
015 09100 00000000 0000000E 00000000 00000000 00000000 00000000 00000000 00000002 00000003 00000000 00000105 0007FFFF 00000003 00000000 00000000 00000000
00D 00C78 00000000 00000000 00000000 00000000 00000000 00000000 00000000 00000002 00000003 00000000 00000105 0007FFFF 00000003 00000000 00000000 00000000
00E 00780 00000000 00000000 00000000 00000000 00000000 00000000 00000000 00000002 00000003 00000000 00000105 0007FFFF 00000005 00000000 00000000 00000000
00F 008C0 00000000 00000000 00000000 00000000 00000000 00000000 00000000 00000003 00000003 00000000 00000105 0007FFFF 00000005 00000000 00000000 00000000
010 0C1CB 00000000 00000018 00000000 00000000 00000000 00000000 00000000 00000003 00000005 00000000 00000105 0007FFFF 00000005 00000000 00000000 00000000
012 11C0A 00000000 00000000 00000000 00000000 00000000 00000000 00000000 00000003 00000005 00000000 00000105 0007FFFF 00000005 00000000 00000000 00000000
013 00AA1 00000000 00000001 00000000 00000000 00000000 00000000 00000000 00000003 00000005 00000000 00000105 0007FFFF 00000005 00000000 00000000 00000000
015 09100 00000000 0000000E 00000000 00000000 00000000 00000000 00000000 00000003 00000005 00000000 00000106 0007FFFF 00000005 00000000 00000000 00000000
00D 00C78 00000000 00000000 00000000 00000000 00000000 00000000 00000000 00000003 00000005 00000000 00000106 0007FFFF 00000005 00000000 00000000 00000000
00E 00780 00000000 00000000 00000000 00000000 00000000 00000000 00000000 00000003 00000005 00000000 00000106 0007FFFF 00000008 00000000 00000000 00000000
00F 008C0 00000000 00000000 00000000 00000000 00000000 00000000 00000000 00000005 00000005 00000000 00000106 0007FFFF 00000008 00000000 00000000 00000000
010 0C1CB 00000000 00000018 00000000 00000000 00000000 00000000 00000000 00000005 00000008 00000000 00000106 0007FFFF 00000008 00000000 00000000 00000000
012 11C0A 00000000 00000000 00000000 00000000 00000000 00000000 00000000 00000005 00000008 00000000 00000106 0007FFFF 00000008 00000000 00000000 00000000
013 00AA1 00000000 00000001 00000000 00000000 00000000 00000000 00000000 00000005 00000008 00000000 00000106 0007FFFF 00000008 00000000 00000000 00000000
015 09100 00000000 0000000E 00000000 00000000 00000000 00000000 00000000 00000005 00000008 00000000 00000107 0007FFFF 00000008 00000000 00000000 00000000
00D 00C78 00000000 00000000 00000000 00000000 00000000 00000000 00000000 00000005 00000008 00000000 00000107 0007FFFF 00000008 00000000 00000000 00000000
00E 00780 00000000 00000000 00000000 00000000 00000000 00000000 00000000 00000005 00000008 00000000 00000107 0007FFFF 0000000D 00000000 00000000 00000000
00F 008C0 00000000 00000000 00000000 00000000 00000000 00000000 00000000 00000008 00000008 00000000 00000107 0007FFFF 0000000D 00000000 00000000 00000000
010 0C1CB 00000000 00000018 00000000 00000000 00000000 00000000 00000000 00000008 0000000D 00000000 00000107 0007FFFF 0000000D 00000000 00000000 00000000
012 11C0A 00000000 00000000 00000000 00000000 00000000 00000000 00000000 00000008 0000000D 00000000 00000107 0007FFFF 0000000D 00000000 00000000 00000000
013 00AA1 00000000 00000001 00000000 00000000 00000000 00000000 00000000 00000008 0000000D 00000000 00000107 0007FFFF 0000000D 00000000 00000000 00000000
015 09100 00000000 0000000E 00000000 00000000 00000000 00000000 00000000 00000008 0000000D 00000000 00000108 0007FFFF 0000000D 00000000 00000000 00000000
00D 00C78 00000000 00000000 00000000 00000000 00000000 00000000 00000000 00000008 0000000D 00000000 00000108 0007FFFF 0000000D 00000000 00000000 00000000
00E 00780 00000000 00000000 00000000 00000000 00000000 00000000 00000000 00000008 0000000D 00000000 00000108 0007FFFF 00000015 00000000 00000000 00000000
00F 008C0 00000000 00000000 00000000 00000000 00000000 00000000 00000000 0000000D 0000000D 00000000 00000108 0007FFFF 00000015 00000000 00000000 00000000
010 0C1CB 00000000 00000018 00000000 00000000 00000000 00000000 00000000 0000000D 00000015 00000000 00000108 0007FFFF 00000015 00000000 00000000 00000000
012 11C0A 00000000 00000000 00000000 00000000 00000000 00000000 00000000 0000000D 00000015 00000000 00000108 0007FFFF 00000015 00000000 00000000 00000000
013 00AA1 00000000 00000001 00000000 00000000 00000000 00000000 00000000 0000000D 00000015 00000000 00000108 0007FFFF 00000015 00000000 00000000 00000000
015 09100 00000000 0000000E 00000000 00000000 00000000 00000000 00000000 0000000D 00000015 00000000 00000109 0007FFFF 00000015 00000000 00000000 00000000
00D 00C78 00000000 00000000 00000000 00000000 00000000 00000000 00000000 0000000D 00000015 00000000 00000109 0007FFFF 00000015 00000000 00000000 00000000
00E 00780 00000000 00000000 00000000 00000000 00000000 00000000 00000000 0000000D 00000015 00000000 00000109 0007FFFF 00000022 00000000 00000000 00000000
00F 008C0 00000000 00000000 00000000 00000000 00000000 00000000 00000000 00000015 00000015 00000000 00000109 0007FFFF 00000022 00000000 00000000 00000000
010 0C1CB 00000000 00000018 00000000 00000000 00000000 00000000 00000000 00000015 00000022 00000000 00000109 0007FFFF 00000022 00000000 00000000 00000000
012 11C0A 00000000 00000000 00000000 00000000 00000000 00000000 00000000 00000015 00000022 00000000 00000109 0007FFFF 00000022 00000000 00000000 00000000
013 00AA1 00000000 00000001 00000000 00000000 00000000 00000000 00000000 00000015 00000022 00000000 00000109 0007FFFF 00000022 00000000 00000000 00000000
015 09100 00000000 0000000E 00000000 00000000 00000000 00000000 00000000 00000015 00000022 00000000 0000010A 0007FFFF 00000022 00000000 00000000 00000000
00D 00C78 00000000 00000000 00000000 00000000 00000000 00000000 00000000 00000015 00000022 00000000 0000010A 0007FFFF 00000022 00000000 00000000 00000000
00E 00780 00000000 00000000 00000000 00000000 00000000 00000000 00000000 00000015 00000022 00000000 0000010A 0007FFFF 00000037 00000000 00000000 00000000
00F 008C0 00000000 00000000 00000000 00000000 00000000 00000000 00000000 00000022 00000022 00000000 0000010A 0007FFFF 00000037 00000000 00000000 00000000
010 0C1CB 00000000 00000018 00000000 00000000 00000000 00000000 00000000 00000022 00000037 00000000 0000010A 0007FFFF 00000037 00000000 00000000 00000000
012 11C0A 00000000 00000000 00000000 00000000 00000000 00000000 00000000 00000022 00000037 00000000 0000010A 0007FFFF 00000037 00000000 00000000 00000000
013 00AA1 00000000 00000001 00000000 00000000 00000000 00000000 00000000 00000022 00000037 00000000 0000010A 0007FFFF 00000037 00000000 00000000 00000000
015 09100 00000000 0000000E 00000000 00000000 00000000 00000000 00000000 00000022 00000037 00000000 0000010B 0007FFFF 00000037 00000000 00000000 00000000
00D 00C78 00000000 00000000 00000000 00000000 00000000 00000000 00000000 00000022 00000037 00000000 0000010B 0007FFFF 00000037 00000000 00000000 00000000
00E 00780 00000000 00000000 00000000 00000000 00000000 00000000 00000000 00000022 00000037 00000000 0000010B 0007FFFF 00000059 00000000 00000000 00000000
00F 008C0 00000000 00000000 00000000 00000000 00000000 00000000 00000000 00000037 00000037 00000000 0000010B 0007FFFF 00000059 00000000 00000000 00000000
010 0C1CB 00000000 00000018 00000000 00000000 00000000 00000000 00000000 00000037 00000059 00000000 0000010B 0007FFFF 00000059 00000000 00000000 00000000
012 11C0A 00000000 00000000 00000000 00000000 00000000 00000000 00000000 00000037 00000059 00000000 0000010B 0007FFFF 00000059 00000000 00000000 00000000
013 00AA1 00000000 00000001 00000000 00000000 00000000 00000000 00000000 00000037 00000059 00000000 0000010B 0007FFFF 00000059 00000000 00000000 00000000
015 09100 00000000 0000000E 00000000 00000000 00000000 00000000 00000000 00000037 00000059 00000000 0000010C 0007FFFF 00000059 00000000 00000000 00000000
00D 00C78 00000000 00000000 00000000 00000000 00000000 00000000 00000000 00000037 00000059 00000000 0000010C 0007FFFF 00000059 00000000 00000000 00000000
00E 00780 00000000 00000000 00000000 00000000 00000000 00000000 00000000 00000037 00000059 00000000 0000010C 0007FFFF 00000090 00000000 00000000 00000000
00F 008C0 00000000 00000000 00000000 00000000 00000000 00000000 00000000 00000059 00000059 00000000 0000010C 0007FFFF 00000090 00000000 00000000 00000000
010 0C1CB 00000000 00000018 00000000 00000000 00000000 00000000 00000000 00000059 00000090 00000000 0000010C 0007FFFF 00000090 00000000 00000000 00000000
012 11C0A 00000000 00000000 00000000 00000000 00000000 00000000 00000000 00000059 00000090 00000000 0000010C 0007FFFF 00000090 00000000 00000000 00000000
013 00AA1 00000000 00000001 00000000 00000000 00000000 00000000 00000000 00000059 00000090 00000000 0000010C 0007FFFF 00000090 00000000 00000000 00000000
015 09100 00000000 0000000E 00000000 00000000 00000000 00000000 00000000 00000059 00000090 00000000 0000010D 0007FFFF 00000090 00000000 00000000 00000000
00D 00C78 00000000 00000000 00000000 00000000 00000000 00000000 00000000 00000059 00000090 00000000 0000010D 0007FFFF 00000090 00000000 00000000 00000000
00E 00780 00000000 00000000 00000000 00000000 00000000 00000000 00000000 00000059 00000090 00000000 0000010D 0007FFFF 000000E9 00000000 00000000 00000000
00F 008C0 00000000 00000000 00000000 00000000 00000000 00000000 00000000 00000090 00000090 00000000 0000010D 0007FFFF 000000E9 00000000 00000000 00000000
010 0C1CB 00000000 00000018 00000000 00000000 00000000 00000000 00000000 00000090 000000E9 00000000 0000010D 0007FFFF 000000E9 00000000 00000000 00000000
012 11C0A 00000000 00000000 00000000 00000000 00000000 00000000 00000000 00000090 000000E9 00000000 0000010D 0007FFFF 000000E9 00000000 00000000 00000000
013 00AA1 00000000 00000001 00000000 00000000 00000000 00000000 00000000 00000090 000000E9 00000000 0000010D 0007FFFF 000000E9 00000000 00000000 00000000
015 09100 00000000 0000000E 00000000 00000000 00000000 00000000 00000000 00000090 000000E9 00000000 0000010E 0007FFFF 000000E9 00000000 00000000 00000000
00D 00C78 00000000 00000000 00000000 00000000 00000000 00000000 00000000 00000090 000000E9 00000000 0000010E 0007FFFF 000000E9 00000000 00000000 00000000
00E 00780 00000000 00000000 00000000 00000000 00000000 00000000 00000000 00000090 000000E9 00000000 0000010E 0007FFFF 00000179 00000000 00000000 00000000
00F 008C0 00000000 00000000 00000000 00000000 00000000 00000000 00000000 000000E9 000000E9 00000000 0000010E 0007FFFF 00000179 00000000 00000000 00000000
010 0C1CB 00000000 00000018 00000000 00000000 00000000 00000000 00000000 000000E9 00000179 00000000 0000010E 0007FFFF 00000179 00000000 00000000 00000000
012 11C0A 00000000 00000000 00000000 00000000 00000000 00000000 00000000 000000E9 00000179 00000000 0000010E 0007FFFF 00000179 00000000 00000000 00000000
013 00AA1 00000000 00000001 00000000 00000000 00000000 00000000 00000000 000000E9 00000179 00000000 0000010E 0007FFFF 00000179 00000000 00000000 00000000
015 09100 00000000 0000000E 00000000 00000000 00000000 00000000 00000000 000000E9 00000179 00000000 0000010F 0007FFFF 00000179 00000000 00000000 00000000
00D 00C78 00000000 00000000 00000000 00000000 00000000 00000000 00000000 000000E9 00000179 00000000 0000010F 0007FFFF 00000179 00000000 00000000 00000000
00E 00780 00000000 00000000 00000000 00000000 00000000 00000000 00000000 000000E9 00000179 00000000 0000010F 0007FFFF 00000262 00000000 00000000 00000000
00F 008C0 00000000 00000000 00000000 00000000 00000000 00000000 00000000 00000179 00000179 00000000 0000010F 0007FFFF 00000262 00000000 00000000 00000000
010 0C1CB 00000000 00000018 00000000 00000000 00000000 00000000 00000000 00000179 00000262 00000000 0000010F 0007FFFF 00000262 00000000 00000000 00000000
012 11C0A 00000000 00000000 00000000 00000000 00000000 00000000 00000000 00000179 00000262 00000000 0000010F 0007FFFF 00000262 00000000 00000000 00000000
013 00AA1 00000000 00000001 00000000 00000000 00000000 00000000 00000000 00000179 00000262 00000000 0000010F 0007FFFF 00000262 00000000 00000000 00000000
015 09100 00000000 0000000E 00000000 00000000 00000000 00000000 00000000 00000179 00000262 00000000 00000110 0007FFFF 00000262 00000000 00000000 00000000
00D 00C78 00000000 00000000 00000000 00000000 00000000 00000000 00000000 00000179 00000262 00000000 00000110 0007FFFF 00000262 00000000 00000000 00000000
00E 00780 00000000 00000000 00000000 00000000 00000000 00000000 00000000 00000179 00000262 00000000 00000110 0007FFFF 000003DB 00000000 00000000 00000000
00F 008C0 00000000 00000000 00000000 00000000 00000000 00000000 00000000 00000262 00000262 00000000 00000110 0007FFFF 000003DB 00000000 00000000 00000000
010 0C1CB 00000000 00000018 00000000 00000000 00000000 00000000 00000000 00000262 000003DB 00000000 00000110 0007FFFF 000003DB 00000000 00000000 00000000
012 11C0A 00000000 00000000 00000000 00000000 00000000 00000000 00000000 00000262 000003DB 00000000 00000110 0007FFFF 000003DB 00000000 00000000 00000000
013 00AA1 00000000 00000001 00000000 00000000 00000000 00000000 00000000 00000262 000003DB 00000000 00000110 0007FFFF 000003DB 00000000 00000000 00000000
015 09100 00000000 0000000E 00000000 00000000 00000000 00000000 00000000 00000262 000003DB 00000000 00000111 0007FFFF 000003DB 00000000 00000000 00000000
00D 00C78 00000000 00000000 00000000 00000000 00000000 00000000 00000000 00000262 000003DB 00000000 00000111 0007FFFF 000003DB 00000000 00000000 00000000
00E 00780 00000000 00000000 00000000 00000000 00000000 00000000 00000000 00000262 000003DB 00000000 00000111 0007FFFF 0000063D 00000000 00000000 00000000
00F 008C0 00000000 00000000 00000000 00000000 00000000 00000000 00000000 000003DB 000003DB 00000000 00000111 0007FFFF 0000063D 00000000 00000000 00000000
010 0C1CB 00000000 00000018 00000000 00000000 00000000 00000000 00000000 000003DB 0000063D 00000000 00000111 0007FFFF 0000063D 00000000 00000000 00000000
012 11C0A 00000000 00000000 00000000 00000000 00000000 00000000 00000000 000003DB 0000063D 00000000 00000111 0007FFFF 0000063D 00000000 00000000 00000000
013 00AA1 00000000 00000001 00000000 00000000 00000000 00000000 00000000 000003DB 0000063D 00000000 00000111 0007FFFF 0000063D 00000000 00000000 00000000
015 09100 00000000 0000000E 00000000 00000000 00000000 00000000 00000000 000003DB 0000063D 00000000 00000112 0007FFFF 0000063D 00000000 00000000 00000000
00D 00C78 00000000 00000000 00000000 00000000 00000000 00000000 00000000 000003DB 0000063D 00000000 00000112 0007FFFF 0000063D 00000000 00000000 00000000
00E 00780 00000000 00000000 00000000 00000000 00000000 00000000 00000000 000003DB 0000063D 00000000 00000112 0007FFFF 00000A18 00000000 00000000 00000000
00F 008C0 00000000 00000000 00000000 00000000 00000000 00000000 00000000 0000063D 0000063D 00000000 00000112 0007FFFF 00000A18 00000000 00000000 00000000
010 0C1CB 00000000 00000018 00000000 00000000 00000000 00000000 00000000 0000063D 00000A18 00000000 00000112 0007FFFF 00000A18 00000000 00000000 00000000
012 11C0A 00000000 00000000 00000000 00000000 00000000 00000000 00000000 0000063D 00000A18 00000000 00000112 0007FFFF 00000A18 00000000 00000000 00000000
013 00AA1 00000000 00000001 00000000 00000000 00000000 00000000 00000000 0000063D 00000A18 00000000 00000112 0007FFFF 00000A18 00000000 00000000 00000000
015 09100 00000000 0000000E 00000000 00000000 00000000 00000000 00000000 0000063D 00000A18 00000000 00000113 0007FFFF 00000A18 00000000 00000000 00000000
00D 00C78 00000000 00000000 00000000 00000000 00000000 00000000 00000000 0000063D 00000A18 00000000 00000113 0007FFFF 00000A18 00000000 00000000 00000000
00E 00780 00000000 00000000 00000000 00000000 00000000 00000000 00000000 0000063D 00000A18 00000000 00000113 0007FFFF 00001055 00000000 00000000 00000000
00F 008C0 00000000 00000000 00000000 00000000 00000000 00000000 00000000 00000A18 00000A18 00000000 00000113 0007FFFF 00001055 00000000 00000000 00000000
010 0C1CB 00000000 00000018 00000000 00000000 00000000 00000000 00000000 00000A18 00001055 00000000 00000113 0007FFFF 00001055 00000000 00000000 00000000
012 11C0A 00000000 00000000 00000000 00000000 00000000 00000000 00000000 00000A18 00001055 00000000 00000113 0007FFFF 00001055 00000000 00000000 00000000
013 00AA1 00000000 00000001 00000000 00000000 00000000 00000000 00000000 00000A18 00001055 00000000 00000113 0007FFFF 00001055 00000000 00000000 00000000
015 09100 00000000 0000000E 00000000 00000000 00000000 00000000 00000000 00000A18 00001055 00000000 00000114 0007FFFF 00001055 00000000 00000000 00000000
00D 00C78 00000000 00000000 00000000 00000000 00000000 00000000 00000000 00000A18 00001055 00000000 00000114 0007FFFF 00001055 00000000 00000000 00000000
00E 00780 00000000 00000000 00000000 00000000 00000000 00000000 00000000 00000A18 00001055 00000000 00000114 0007FFFF 00001A6D 00000000 00000000 00000000
00F 008C0 00000000 00000000 00000000 00000000 00000000 00000000 00000000 00001055 00001055 00000000 00000114 0007FFFF 00001A6D 00000000 00000000 00000000
010 0C1CB 00000000 00000018 00000000 00000000 00000000 00000000 00000000 00001055 00001A6D 00000000 00000114 0007FFFF 00001A6D 00000000 00000000 00000000
012 11C0A 00000000 00000000 00000000 00000000 00000000 00000000 00000000 00001055 00001A6D 00000000 00000114 0007FFFF 00001A6D 00000000 00000000 00000000
013 00AA1 00000000 00000001 00000000 00000000 00000000 00000000 00000000 00001055 00001A6D 00000000 00000114 0007FFFF 00001A6D 00000000 00000000 00000000
015 09100 00000000 0000000E 00000000 00000000 00000000 00000000 00000000 00001055 00001A6D 00000000 00000115 0007FFFF 00001A6D 00000000 00000000 00000000
00D 00C78 00000000 00000000 00000000 00000000 00000000 00000000 00000000 00001055 00001A6D 00000000 00000115 0007FFFF 00001A6D 00000000 00000000 00000000
00E 00780 00000000 00000000 00000000 00000000 00000000 00000000 00000000 00001055 00001A6D 00000000 00000115 0007FFFF 00002AC2 00000000 00000000 00000000
00F 008C0 00000000 00000000 00000000 00000000 00000000 00000000 00000000 00001A6D 00001A6D 00000000 00000115 0007FFFF 00002AC2 00000000 00000000 00000000
010 0C1CB 00000000 00000018 00000000 00000000 00000000 00000000 00000000 00001A6D 00002AC2 00000000 00000115 0007FFFF 00002AC2 00000000 00000000 00000000
012 11C0A 00000000 00000000 00000000 00000000 00000000 00000000 00000000 00001A6D 00002AC2 00000000 00000115 0007FFFF 00002AC2 00000000 00000000 00000000
013 00AA1 00000000 00000001 00000000 00000000 00000000 00000000 00000000 00001A6D 00002AC2 00000000 00000115 0007FFFF 00002AC2 00000000 00000000 00000000
015 09100 00000000 0000000E 00000000 00000000 00000000 00000000 00000000 00001A6D 00002AC2 00000000 00000116 0007FFFF 00002AC2 00000000 00000000 00000000
00D 00C78 00000000 00000000 00000000 00000000 00000000 00000000 00000000 00001A6D 00002AC2 00000000 00000116 0007FFFF 00002AC2 00000000 00000000 00000000
00E 00780 00000000 00000000 00000000 00000000 00000000 00000000 00000000 00001A6D 00002AC2 00000000 00000116 0007FFFF 0000452F 00000000 00000000 00000000
00F 008C0 00000000 00000000 00000000 00000000 00000000 00000000 00000000 00002AC2 00002AC2 00000000 00000116 0007FFFF 0000452F 00000000 00000000 00000000
010 0C1CB 00000000 00000018 00000000 00000000 00000000 00000000 00000000 00002AC2 0000452F 00000000 00000116 0007FFFF 0000452F 00000000 00000000 00000000
012 11C0A 00000000 00000000 00000000 00000000 00000000 00000000 00000000 00002AC2 0000452F 00000000 00000116 0007FFFF 0000452F 00000000 00000000 00000000
013 00AA1 00000000 00000001 00000000 00000000 00000000 00000000 00000000 00002AC2 0000452F 00000000 00000116 0007FFFF 0000452F 00000000 00000000 00000000
015 09100 00000000 0000000E 00000000 00000000 00000000 00000000 00000000 00002AC2 0000452F 00000000 00000117 0007FFFF 0000452F 00000000 00000000 00000000
00D 00C78 00000000 00000000 00000000 00000000 00000000 00000000 00000000 00002AC2 0000452F 00000000 00000117 0007FFFF 0000452F 00000000 00000000 00000000
00E 00780 00000000 00000000 00000000 00000000 00000000 00000000 00000000 00002AC2 0000452F 00000000 00000117 0007FFFF 00006FF1 00000000 00000000 00000000
00F 008C0 00000000 00000000 00000000 00000000 00000000 00000000 00000000 0000452F 0000452F 00000000 00000117 0007FFFF 00006FF1 00000000 00000000 00000000
010 0C1CB 00000000 00000018 00000000 00000000 00000000 00000000 00000000 0000452F 00006FF1 00000000 00000117 0007FFFF 00006FF1 00000000 00000000 00000000
012 11C0A 00000000 00000000 00000000 00000000 00000000 00000000 00000000 0000452F 00006FF1 00000000 00000117 0007FFFF 00006FF1 00000000 00000000 00000000
013 00AA1 00000000 00000001 00000000 00000000 00000000 00000000 00000000 0000452F 00006FF1 00000000 00000117 0007FFFF 00006FF1 00000000 00000000 00000000
015 09100 00000000 0000000E 00000000 00000000 00000000 00000000 00000000 0000452F 00006FF1 00000000 00000118 0007FFFF 00006FF1 00000000 00000000 00000000
00D 00C78 00000000 00000000 00000000 00000000 00000000 00000000 00000000 0000452F 00006FF1 00000000 00000118 0007FFFF 00006FF1 00000000 00000000 00000000
00E 00780 00000000 00000000 00000000 00000000 00000000 00000000 00000000 0000452F 00006FF1 00000000 00000118 0007FFFF 0000B520 00000000 00000000 00000000
00F 008C0 00000000 00000000 00000000 00000000 00000000 00000000 00000000 00006FF1 00006FF1 00000000 00000118 0007FFFF 0000B520 00000000 00000000 00000000
010 0C1CB 00000000 00000018 00000000 00000000 00000000 00000000 00000000 00006FF1 0000B520 00000000 00000118 0007FFFF 0000B520 00000000 00000000 00000000
012 11C0A 00000000 00000000 00000000 00000000 00000000 00000000 00000000 00006FF1 0000B520 00000000 00000118 0007FFFF 0000B520 00000000 00000000 00000000
013 00AA1 00000000 00000001 00000000 00000000 00000000 00000000 00000000 00006FF1 0000B520 00000000 00000118 0007FFFF 0000B520 00000000 00000000 00000000
015 09100 00000000 0000000E 00000000 00000000 00000000 00000000 00000000 00006FF1 0000B520 00000000 00000119 0007FFFF 0000B520 00000000 00000000 00000000
00D 00C78 00000000 00000000 00000000 00000000 00000000 00000000 00000000 00006FF1 0000B520 00000000 00000119 0007FFFF 0000B520 00000000 00000000 00000000
00E 00780 00000000 00000000 00000000 00000000 00000000 00000000 00000000 00006FF1 0000B520 00000000 00000119 0007FFFF 00012511 00000000 00000000 00000000
00F 008C0 00000000 00000000 00000000 00000000 00000000 00000000 00000000 0000B520 0000B520 00000000 00000119 0007FFFF 00012511 00000000 00000000 00000000
010 0C1CB 00000000 00000018 00000000 00000000 00000000 00000000 00000000 0000B520 00012511 00000000 00000119 0007FFFF 00012511 00000000 00000000 00000000
012 11C0A 00000000 00000000 00000000 00000000 00000000 00000000 00000000 0000B520 00012511 00000000 00000119 0007FFFF 00012511 00000000 00000000 00000000
013 00AA1 00000000 00000001 00000000 00000000 00000000 00000000 00000000 0000B520 00012511 00000000 00000119 0007FFFF 00012511 00000000 00000000 00000000
015 09100 00000000 0000000E 00000000 00000000 00000000 00000000 00000000 0000B520 00012511 00000000 0000011A 0007FFFF 00012511 00000000 00000000 00000000
00D 00C78 00000000 00000000 00000000 00000000 00000000 00000000 00000000 0000B520 00012511 00000000 0000011A 0007FFFF 00012511 00000000 00000000 00000000
00E 00780 00000000 00000000 00000000 00000000 00000000 00000000 00000000 0000B520 00012511 00000000 0000011A 0007FFFF 0001DA31 00000000 00000000 00000000
00F 008C0 00000000 00000000 00000000 00000000 00000000 00000000 00000000 00012511 00012511 00000000 0000011A 0007FFFF 0001DA31 00000000 00000000 00000000
010 0C1CB 00000000 00000018 00000000 00000000 00000000 00000000 00000000 00012511 0001DA31 00000000 0000011A 0007FFFF 0001DA31 00000000 00000000 00000000
012 11C0A 00000000 00000000 00000000 00000000 00000000 00000000 00000000 00012511 0001DA31 00000000 0000011A 0007FFFF 0001DA31 00000000 00000000 00000000
013 00AA1 00000000 00000001 00000000 00000000 00000000 00000000 00000000 00012511 0001DA31 00000000 0000011A 0007FFFF 0001DA31 00000000 00000000 00000000
015 09100 00000000 0000000E 00000000 00000000 00000000 00000000 00000000 00012511 0001DA31 00000000 0000011B 0007FFFF 0001DA31 00000000 00000000 00000000
00D 00C78 00000000 00000000 00000000 00000000 00000000 00000000 00000000 00012511 0001DA31 00000000 0000011B 0007FFFF 0001DA31 00000000 00000000 00000000
00E 00780 00000000 00000000 00000000 00000000 00000000 00000000 00000000 00012511 0001DA31 00000000 0000011B 0007FFFF 0002FF42 00000000 00000000 00000000
00F 008C0 00000000 00000000 00000000 00000000 00000000 00000000 00000000 0001DA31 0001DA31 00000000 0000011B 0007FFFF 0002FF42 00000000 00000000 00000000
010 0C1CB 00000000 00000018 00000000 00000000 00000000 00000000 00000000 0001DA31 0002FF42 00000000 0000011B 0007FFFF 0002FF42 00000000 00000000 00000000
012 11C0A 00000000 00000000 00000000 00000000 00000000 00000000 00000000 0001DA31 0002FF42 00000000 0000011B 0007FFFF 0002FF42 00000000 00000000 00000000
013 00AA1 00000000 00000001 00000000 00000000 00000000 00000000 00000000 0001DA31 0002FF42 00000000 0000011B 0007FFFF 0002FF42 00000000 00000000 00000000
015 09100 00000000 0000000E 00000000 00000000 00000000 00000000 00000000 0001DA31 0002FF42 00000000 0000011C 0007FFFF 0002FF42 00000000 00000000 00000000
00D 00C78 00000000 00000000 00000000 00000000 00000000 00000000 00000000 0001DA31 0002FF42 00000000 0000011C 0007FFFF 0002FF42 00000000 00000000 00000000
00E 00780 00000000 00000000 00000000 00000000 00000000 00000000 00000000 0001DA31 0002FF42 00000000 0000011C 0007FFFF 0004D973 00000000 00000000 00000000
00F 008C0 00000000 00000000 00000000 00000000 00000000 00000000 00000000 0002FF42 0002FF42 00000000 0000011C 0007FFFF 0004D973 00000000 00000000 00000000
010 0C1CB 00000000 00000018 00000000 00000000 00000000 00000000 00000000 0002FF42 0004D973 00000000 0000011C 0007FFFF 0004D973 00000000 00000000 00000000
012 11C0A 00000000 00000000 00000000 00000000 00000000 00000000 00000000 0002FF42 0004D973 00000000 0000011C 0007FFFF 0004D973 00000000 00000000 00000000
013 00AA1 00000000 00000001 00000000 00000000 00000000 00000000 00000000 0002FF42 0004D973 00000000 0000011C 0007FFFF 0004D973 00000000 00000000 00000000
015 09100 00000000 0000000E 00000000 00000000 00000000 00000000 00000000 0002FF42 0004D973 00000000 0000011D 0007FFFF 0004D973 00000000 00000000 00000000
00D 00C78 00000000 00000000 00000000 00000000 00000000 00000000 00000000 0002FF42 0004D973 00000000 0000011D 0007FFFF 0004D973 00000000 00000000 00000000
00E 00780 00000000 00000000 00000000 00000000 00000000 00000000 00000000 0002FF42 0004D973 00000000 0000011D 0007FFFF 0007D8B5 00000000 00000000 00000000
00F 008C0 00000000 00000000 00000000 00000000 00000000 00000000 00000000 0004D973 0004D973 00000000 0000011D 0007FFFF 0007D8B5 00000000 00000000 00000000
010 0C1CB 00000000 00000018 00000000 00000000 00000000 00000000 00000000 0004D973 0007D8B5 00000000 0000011D 0007FFFF 0007D8B5 00000000 00000000 00000000
012 11C0A 00000000 00000000 00000000 00000000 00000000 00000000 00000000 0004D973 0007D8B5 00000000 0000011D 0007FFFF 0007D8B5 00000000 00000000 00000000
013 00AA1 00000000 00000001 00000000 00000000 00000000 00000000 00000000 0004D973 0007D8B5 00000000 0000011D 0007FFFF 0007D8B5 00000000 00000000 00000000
015 09100 00000000 0000000E 00000000 00000000 00000000 00000000 00000000 0004D973 0007D8B5 00000000 0000011E 0007FFFF 0007D8B5 00000000 00000000 00000000
00D 00C78 00000000 00000000 00000000 00000000 00000000 00000000 00000000 0004D973 0007D8B5 00000000 0000011E 0007FFFF 0007D8B5 00000000 00000000 00000000
00E 00780 00000000 00000000 00000000 00000000 00000000 00000000 00000000 0004D973 0007D8B5 00000000 0000011E 0007FFFF 000CB228 00000000 00000000 00000000
00F 008C0 00000000 00000000 00000000 00000000 00000000 00000000 00000000 0007D8B5 0007D8B5 00000000 0000011E 0007FFFF 000CB228 00000000 00000000 00000000
010 0C1CB 00000000 00000018 00000000 00000000 00000000 00000000 00000000 0007D8B5 000CB228 00000000 0000011E 0007FFFF 000CB228 00000000 00000000 00000000
017 12000 00000000 00000000 00000000 00000000 00000000 00000000 00000000 0007D8B5 000CB228 00000000 0000011E 0007FFFF 000CB228 00000000 00000000 00000000
